0,Pedro,Larios,,0,12,52,144,162,267,417,494,541,657,813,934,1084,1242
1,Juan,Viramonte,4088931612,0,1,1093
2,Silvia,Villavicencio,6508691929,0,0
3,Roberto,Aguirre,4086979707,0,0
4,Tania,Ornelas,4084173718,0,0
5,Luz,Cabrera,4089035223,0,42,275,379,433,588,624,684,878,914,989,1022,1155,1212,1268,1324,1357,1446,1447,1536,1673,1716,1867,1934,2083,2205,2321,2420,2573,2634,2668,2723,2802,2915,2943,3072,3157,3226,3324,3405,3545,3592,3650,3697
6,Fermin ,Macia,6692783027,0,0
7,Alfredo,Madrigal,6692977349,0,5,1075,1307,2199,3026,3517
8,Charvarius,Ward,4088108980,0,0
9,Karina,Quintero,4088416497,0,13,56,272,743,1059,1103,1181,1326,1441,1588,3019,3100,3537,3591
10,Maria,Solis,4084391827,0,0
11,Alma,Guzman,4085681285,0,1,3161
12,Sara,Melendes,4084493419,0,2,45,2693
13,Oscar,Ducusin,4085097598,0,0
14,Denice,Johnson,4089216343,0,8,698,793,1545,2443,2507,3432,3535,3547
15,Jose ,Robledo,4083327575,0,10,559,751,1414,2016,2276,3102,3340,3451,3729,3834
16,Jose ,Grimaldo,4085280845,0,3,137,802,824
17,Luis,Villalta,6692526573,0,4,1,24,25,2282
18,Alex,Gonzalez,4086612413,0,22,44,207,350,442,580,673,1105,1214,1379,1497,1640,1842,1978,2287,2510,2705,2875,2925,3185,3367,3617,3691
19,Rosa,Gonzalez,4087727503,0,3,302,756,2545
20,Francisco,Fonzalez,4089250154,0,0
21,Jose,Gonzalez,4084491981,0,11,193,381,510,692,1029,1291,1508,1728,1965,2279,2631
22,Jaqueline,Gonzalez,4088438629,0,4,419,1077,1078,1302
23,Silvia,Aguilar,4082345158,0,4,952,1524,2007,2558
24,Gina,Sanchez,6692959652,0,2,868,1355
25,Antonio,Castillo,4083168683,0,4,1251,2253,2810,3454
26,Erick,Vargas,0000,0,29,140,509,680,791,949,1147,1232,1289,1434,1480,1490,1529,1584,1738,1908,1963,2060,2113,2265,2447,2577,2664,2823,2901,2928,2942,3067,3644,3787
27,Petra,Medina,4088244084,0,4,1488,2640,2889,3564
28,Bryan,Martinez,4084839975,0,0
29,Vu,Thinh,4084895074,0,0
30,Susana,Cuevas,4083988430,0,0
31,Alex,Ulloa,4084213244,0,6,1171,1174,1431,1694,2417,2743
32,Cuong,Truong,4088926075,0,1,734
33,Ray,Marquez,80609969,0,14,329,761,1144,1608,1922,2168,2317,2344,2419,2483,2627,2753,2992,3427
34,Guadalupe,Hernandez,4083731418,0,2,1225,3433
35,Jonathan,Borca,4084827670,0,1,2000
36,Jose,Rodrigues,4086674558,0,19,34,221,462,836,879,929,985,1230,1310,1378,1564,1719,1785,1946,2480,2891,3434,3570,3728
37,Jose,Torres,4085189800,0,11,92,471,890,1070,1707,2092,2126,2553,2604,2769,3241
38,Julio,Fuentes,4086557504,0,0
39,Susana,Rodrigues,4083645990,0,17,150,288,610,764,1038,1211,1581,1722,2122,2298,2602,2653,2909,2948,3229,3429,3717
40,Ildelisa,Hernandez,4082505101,0,2,912,1276
41,Le,Ann,4083865465,0,2,2292,2451
42,Ana,Torres,6692386135,0,0
43,Llanes,Esequiel,4087720687,0,15,270,346,501,860,1246,1370,1614,2904,3107,3222,3347,3492,3599,3680,3804
44,Carlos,Merced,4085972556,0,6,913,1197,1298,2238,3151,3532
45,Qui,Truong,4084894857,0,0
46,Alan,Mendoza,4084016378,0,2,2707,2749
47,Oscar,Ducusin,4085097578,0,0
48,Jenifer,Le,4086238344,0,14,12,195,429,603,877,1002,2235,2431,2641,2855,3059,3270,3462,3640
49,Tony,Williams,2094517055,0,6,257,693,1110,1189,1263,1316
50,Juan,Tinajero,4088398919,0,5,35,780,1439,1715,2683
51,Emilio,Navarro,4089871101,0,3,440,720,1845
52,H.,Bronson,4083141246,0,8,26,634,981,1977,2256,2293,2455,3201
53,Ubaldo,Valencia,408696529,0,20,29,76,368,706,785,1071,1299,1661,1718,1782,1877,1954,2102,2103,2498,2585,2940,3044,3478,3668
54,Darshan,Singh,4083906194,0,0
55,Teresa,Valdez,2522001620,0,3,766,2384,3577
56,Jairo,Lopes,4089036445,0,14,147,390,553,883,1082,1295,1471,1630,2061,2422,2595,2698,2988,3198
57,Luis,Corona,6692104331,0,0
58,Silvia,Jimenes,4086494347,0,0
59,Alexander,Jimenez,4087242977,0,0
60,Silvia,Cardenas,4082309925,0,3,1410,2223,3623
61,Antonio,Hernandez,5596794266,0,0
62,Jose,Millan,4088306340,0,9,136,373,605,1012,1338,1522,1955,2100,2818
63,Guadalupe,Rodrigues,4084696444,0,0
64,Laura,Corona,4084174090,0,0
65,Jerry,Marcial,4087914613,0,19,73,178,233,331,465,563,752,932,1308,1582,1804,2059,2610,2748,2962,3040,3228,3459,3654
66,Victor,Napan,4088304968,0,34,60,215,388,549,614,642,749,753,842,941,1160,1203,1222,1369,1430,1511,1554,1613,1765,2117,2148,2551,2731,2840,2979,3092,3199,3329,3484,3552,3614,3660,3693,3836
67,Sergio,Herrera,6616215560,0,0
68,Mario,Zuniga,4085615881,0,7,204,725,1120,1332,2124,2316,2518
69,Antonio,Campos,4087719135,0,10,200,336,666,729,1045,1498,1910,2324,2952,3806
70,Marvin,Piril,6236937125,0,3,2267,2926,3004
71,Consepcion,Blanco,4087572644,0,1,1234
72,Robert,Benford,4089980593,0,23,83,481,665,808,1102,1177,1221,1283,1358,1420,1479,1663,1885,2160,2239,2320,2409,2673,2745,2807,2956,3123,3285
73,Hector,Sarte,4086493298,0,0
74,Lesly,Mendoza,4085957017,0,2,39,1679
75,Jorge,Nava,4089148810,0,21,28,108,301,416,476,616,688,858,1028,1273,1457,1512,1551,1639,1742,1852,2757,2780,2963,3536,3845
76,Meshbaur,Rahman,4085095134,0,3,18,1036,1421
77,Abe,Gorgonio,4086900127,0,18,15,320,536,643,814,1109,1130,1426,1520,1678,1710,2379,2405,2499,2787,2986,3465,3847
78,Guillermo,Olmedo,4082955441,0,1,2178
79,Phillip,Manithep,4085610460,0,9,691,958,1407,1627,2093,2466,2832,3301,3622
80,Mario,Esteves,7074946252,0,1,2636
81,Rosa,Esparza,4084834890,0,8,130,370,1403,2406,2622,3014,3412,3661
82,Dyana,Huaraz,6508345157,0,0
83,Garry,Church,4088785792,0,3,157,682,1032
84,Roberto,Plancarte,4087086640,0,3,1612,2078,2776
85,Luis,Caro,4085936490,0,1,1596
86,Albert,Candelaria,4083963736,0,20,121,244,402,491,715,847,880,1005,1135,1259,1352,1632,1872,2200,2351,2586,2759,2913,3239,3641
87,Rigo,Medina,4088346994,0,8,286,645,920,1491,1972,2334,3116,3677
88,Noel,Serrano,4086242987,0,0
89,Arturo,Alvarado,6692199176,0,34,0,131,208,316,403,479,627,742,846,923,924,968,1112,1186,1384,1499,1586,1744,1862,1884,1997,2062,2139,2247,2364,2504,2623,2720,2850,2954,3320,3561,3627,3772
90,Marcus,Parker,6506175227,0,7,174,778,1143,1418,2068,2692,3538
91,Maria,Escalante,4083008990,0,4,967,2108,2169,3690
92,Cato,Moctezuma,40821071878,0,2,1914,3792
93,J.,Tolvert,6699465807,0,11,154,173,342,470,1166,1538,1786,2057,2848,3422,3544
94,Cesar,Martinez,6507588779,0,3,1494,2522,3068
95,Delvin,Martinez,4086488036,0,3,4,425,849
96,Elvira,Parra,4088066447,0,6,224,983,1537,1895,3001,3798
97,Douglas,Bly,4702741361,0,0
98,Emely,Jimenez,6692163018,0,0
99,Diaz,Mireya,4083377952,0,2,1950,3318
100,Edgar,Gabriel,4084061877,0,3,236,293,1567
101,Maria Elena,Guerrero,4084068059,0,9,71,332,767,1240,1855,2212,2269,2460,3642
102,Sonia,Demarciales,4082173079,0,0
103,Mauro,Rosales,4086259826,0,13,285,399,532,723,1163,1368,1465,1863,2381,2538,2685,2916,3380
104,Cristal,Valdovinos,4086468170,0,0
105,Elena,Robles,4087914568,0,3,810,1287,1856
106,Ivett,Colorado,4086706047,0,15,551,577,683,710,737,1037,1227,1558,1749,2307,2724,2809,3154,3574,3835
107,Jose,Cendejas,4084608786,0,1,1998
108,Serrano,Oscar,4088541536,0,3,1404,3689,3763
109,David,Cabrera,4085922535,0,3,2176,2523,2549
110,Lazaro,Valencia,4083869162,0,26,608,687,806,927,1096,1205,1315,1422,1534,1583,1727,1835,2018,2073,2111,2222,2262,2326,2436,2537,2589,2756,3103,3411,3671,3860
111,Fernanddo,Torres,4086489887,0,6,122,1180,1397,2533,3602,3635
112,Ana ,Mauga,4084781707,0,4,377,845,1220,2605
113,Antonio,Cardenas,4088433824,0,0
114,Maria,Lopes,4086662698,0,1,249
115,Juan,Cardenas,4082055214,0,1,3398
116,Jose,Martinez,4086607841,0,7,1547,2087,2244,2576,3489,3700,3754
117,Juan,Avelar,4086487329,0,30,6,202,364,407,685,870,975,1001,1054,1117,1254,1313,1704,1812,1851,1984,2039,2140,2331,2459,2505,2647,2675,2779,2971,3207,3363,3421,3501,3562
118,Miguel,Favela,4084833294,0,0
119,Frank,Hernandez,4082216341,0,9,74,133,217,558,579,910,1149,1770,3148
120,Jesus,Flores,4089310735,0,11,229,463,816,834,1743,1847,2651,2830,3051,3251,3388
121,Flor,Romano,4083842495,0,1,876
122,Mauricio,Salazar,4087990171,0,3,740,827,1264
123,Justine,Darden,4082349463,0,14,396,937,955,1201,1470,1506,1507,2055,2277,2278,3008,3597,3616,3861
124,Michael,Moyano,6692612511,0,4,544,3130,3206,3727
125,Patricia,Oseguera,6692068410,0,0
126,Mariel,Hernandez,4087974330,0,0
127,Mario,Zaragoza,4089038390,0,0
128,Josh,Morales,4083946535,0,1,2427
129,Raymond,Do,4083483535,0,0
130,Linh,Lai,4087811926,0,1,1020
131,Alejandra,Rangel,4084894550,0,1,1622
132,James,Puni,6692546971,0,16,158,238,394,628,639,830,1062,1337,1595,2001,2462,2679,3045,3156,3309,3475
133,Nicolas,Moctezuma,4085655386,0,5,488,889,976,2119,3321
134,Carlos,Parra,4086459919,0,3,189,957,2639
135,Cicolas,Huicab,4083982281,0,3,354,2404,3150
136,Robert,Mendoza,4087628762,0,6,696,786,1107,1377,1569,1793
137,Henrry,Navarro,4085096187,0,0
138,Steven,Le,6694677321,0,0
139,Ivon,Adame,6692160191,0,0
140,Arturo,Villareal,4085152003,0,39,49,186,247,638,655,774,811,869,918,933,943,982,1118,1206,1258,1297,1442,1574,1829,2005,2030,2049,2138,2151,2197,2224,2357,2497,2530,2568,2628,2732,3015,3021,3133,3300,3306,3534,3692
141,Vai,Malauulu,4086557691,0,5,602,2644,2695,3140,3376
142,Atanacio,Vera,4089338312,0,3,897,2076,2670
143,Anthony,Gutierrez,4088495500,0,2,175,366
144,Victor,Solorio,4087266067,0,3,196,1374,2554
145,David,Cardenas,4082705146,0,12,79,263,418,594,882,1056,1706,2356,2432,2793,2924,3216
146,Ray,Cobambio,6692930692,0,0
147,Esequias,Ortiz,4089100667,0,0
148,Silvia,Florian,6506700423,0,5,335,885,1461,2220,3010
149,Aurelio,Espinoza,4089048497,0,8,334,759,1199,1988,2056,2442,2493,3039
150,Teresita,Crueldad,4087915043,0,6,63,473,825,1208,1572,1604
151,Alberta,Rocamora,6506606434,0,2,1889,2662
152,Rogelio ,Moya,4086441438,0,3,103,2325,3864
153,Francisco,Vasquez,6692430443,0,10,324,1317,1961,2359,2392,2867,2910,3200,3339,3630
154,Tony,Johnson,4088290004,0,2,3127,3167
155,Jesus,Fletes,4086559781,0,6,115,1126,1440,1901,2342,3085
156,Troche,H.,4086677675,0,1,219
157,Fidel ,Rivera,4088359083,0,7,980,1314,2037,2314,2375,3540,3818
158,Jose Maria,Lopez,4085167533,0,3,996,2315,2479
159,Binh,Nguyen,6698774798,0,13,87,362,1451,1594,1736,1760,1883,2299,2829,3182,3523,3587,3833
160,Deon,Galicinao,4083060967,0,2,1385,1432
161,Naser,Khan,0,0,0
162,Everett,Randolph,4088194149,0,9,489,717,1828,2468,2560,2665,3110,3469,3566
163,Edgardop,Camarena,6692515479,0,27,141,190,284,426,560,615,730,812,894,1026,1087,1192,1272,1462,1592,1717,1779,1880,1928,2090,2149,2207,2248,2322,2612,2981,3448
164,Uma,Sharma,000,0,0
165,Sergio,Rodriguez,4089663047,0,17,48,197,452,533,959,1228,1530,1568,1917,2079,2273,2418,2597,2854,3128,3296,3748
166,Rudy,Afuola,4084012391,0,8,171,312,502,1682,1985,2444,3491,3740
167,Cesar,Tronco,6503389469,0,1,118
168,Andres,Eusebio,4083985720,0,9,102,1049,1250,1875,2347,2461,2782,3017,3442
169,Norie,Gabatino,4088020367,0,11,357,460,926,1425,1899,2454,2563,2609,2955,2987,3685
170,Erick,Corona,4084605043,0,1,1623
171,Roberto,Rueda,4086871205,0,1,397
172,Remi,Singh,3602207728,0,1,1400
173,Frank,Araujo,4084727570,0,15,355,583,771,899,1007,1380,1611,1794,1896,2164,2337,2561,2969,3568,3747
174,Dhristian,Cruda,4085317027,0,0
175,Marcotulio,Centeno,4083932741,0,15,256,436,495,820,1708,1778,1882,2041,2272,2402,2615,2801,2935,3162,3444
176,Maria,Regalado,4087706033,0,0
177,Ricardo,Cruz,4086429441,0,0
178,Marcial,Vargas,4089035931,0,6,422,833,1003,1685,2232,3049
179,Salvador,Rojas,4082349428,0,16,106,855,1023,1458,1788,1986,2304,2421,2567,2658,2785,2939,3079,3310,3601,3842
180,Jose,Orosco,4085912741,0,0
181,Jose,Anacleto,4089039063,0,2,482,2458
182,Sunny,Singh,4085505774,0,0
183,Alesia,Williams,4086236442,0,11,871,1561,1591,2091,2230,2251,2395,2945,3332,3408,3446
184,Morgan,Nakamura,4088236050,0,2,1046,1557
185,Liliana,Garcia,4089103114,0,0
186,Samane,Phomphkdy,4084555097,0,0
187,Mindy,Duong,4082028049,0,8,69,153,900,1496,2933,3240,3299,3573
188,Toniesha,Ruby,6693772573,0,1,3487
189,Carlos,Villalobos,4084663221,0,2,57,561
190,Duc,Duong,4088243186,0,1,1874
191,Lidia,Rodrigues,4084493228,0,0
192,Shirley,Williams,5599031152,0,5,747,1500,2179,2717,2959
193,Manuel,Rivera,408580799,0,6,59,1119,1245,1687,2833,3037
194,Leo,Ceja,4158236206,0,2,773,2619
195,Daniel,Aguilar,4086609063,0,1,2516
196,Nora,Nieto,4086613356,0,4,428,776,2198,2937
197,Michael,Williams,6506904969,0,2,711,821
198,Juan,Villa,4087706559,0,11,11,534,581,915,1698,1924,2045,2106,2210,2362,3774
199,Joseph,Salom,4084638295,0,1,1168
200,Armando,Chavez,4088395355,0,24,156,384,511,571,718,1085,1104,1270,1526,1876,2022,2153,2172,2323,2397,2429,2490,2587,2703,2892,3213,3278,3520,3648
201,Tam,Nguyen,6692858034,0,3,277,1817,2649
202,eva,duran,4082348518,0,4,963,1994,3315,3400
203,Jack,Nguyen,4086606135,0,4,2746,3259,3381,3455
204,Erick,Jacobo,5103599891,0,0
205,Gael,Rodriguez,4085323122,0,0
206,Maria,Corona,4082174305,0,9,53,804,1194,1275,1923,2666,2921,3022,3672
207,Kenny,Buttler,6692854085,0,0
208,Vicente,Flores,4088211398,0,1,1231
209,Huong,Nguyen,4084206448,0,8,298,1052,1481,1675,2038,2206,3165,3802
210,Jesus,Gutierrez,6693698671,0,1,201
211,Ricardo,Camarena,4083032811,0,13,9,84,265,979,1030,1154,1464,1660,2245,2456,2725,2861,3065
212,Ranbir,Rajasansi,4088078257,0,2,1990,3712
213,Reyes,Severiano,4089103947,0,1,3789
214,Robin,Hernandez,4156406397,0,10,439,866,1419,1609,2021,2221,2403,2826,2984,3425
215,Alma,Gomez,4083341921,0,2,1009,2805
216,Eloisa,Guzman,4088244825,0,5,568,1761,2080,2528,3500
217,Jose,Ortiz,8313158033,0,3,260,898,1207
218,Reynaldo,Estrada,4089100067,0,0
219,Edgardo,Camacho,4082025932,0,4,239,1086,2476,3844
220,Alan,Garcia,4087025042,0,12,142,582,1108,1362,1417,2034,2270,2520,2804,3445,3467,3785
221,Moises,Viramontez,4087572401,0,1,3089
222,Rosa,Garcia,4087262018,0,8,518,1336,1869,2193,2536,3009,3078,3857
223,Alex,Urive,4086236154,0,6,283,942,1644,2191,2389,2907
224,Guillermina,Pantoja,4085616742,0,0
225,Tam,Nguyen,4086444763,0,0
226,Dolores,Avelar,4085129313,0,0
227,Nancy,Rodrigues,4084315049,0,0
228,Reymjundo,Mendoza,4085616106,0,4,1292,1634,3230,3277
229,Gabriel,Val,4083203806,0,4,104,1074,1624,3662
230,Irvin,Martinez,4087243980,0,8,431,453,612,1092,1995,2629,3325,3364
231,Ray ,Martinez,4982300822,0,12,279,414,893,1252,1427,1549,1615,2285,2365,3242,3708,3799
232,Soila,Geronimo,4087690594,0,4,409,1153,1834,3343
233,Willor,Zabala,4086559936,0,2,214,545
234,Thanh,Le,4084093911,0,6,61,406,777,1510,2116,2534
235,Luz,Galindo,4082024831,0,28,51,151,210,246,281,333,423,458,598,662,972,1008,1043,1546,1607,1677,2035,2120,2225,2284,2367,2428,2515,2790,3275,3477,3612,3699
236,Manuel,Pulido,4085904545,0,5,13,592,1333,1849,2217
237,Rosa,Bara,4085096553,0,4,393,467,604,635
238,Mario,Ramires,4085907501,0,2,1468,2783
239,Elizaberth,Alvares,4087577082,0,11,311,589,1014,1296,2155,2260,2688,2689,2999,3245,3854
240,Pilar,Lara,4084553217,0,3,182,2951,3286
241,Negda,Alvarez,4082988092,0,0
242,Nguyen,Vo,4086936595,0,2,1668,3249
243,Maria,Arroyo,4085930946,0,6,179,259,1398,1399,2736,2737
244,Ernesto,Estrada,40890380634,0,3,345,1000,1666
245,Steve,Jackson,4083161388,0,8,42,231,496,995,1548,2289,2521,3825
246,Linda,Alcantara,4085937948,0,0
247,Antony,Lazo,4083944075,0,3,1449,1559,1625
248,Andres,Ramos,4083064938,0,0
249,Gilbert,Camacho,6692900649,0,0
250,Rosa,Marcos,4089637995,0,16,36,226,240,313,760,815,902,1176,1405,1962,2040,2254,2846,3119,3449,3714
251,Antonio,Garcia,4085919238,0,16,188,456,586,953,1184,1437,1642,2094,2095,2234,2352,2562,2871,3237,3607,3767
252,Truc,Bui,4088356926,0,3,822,1249,2171
253,Gilbert,Esparza,4082305676,0,25,19,170,299,498,621,650,678,798,951,1048,1350,1486,1999,2185,2349,2531,2601,2699,2727,2922,3101,3372,3533,3721,3736
254,Martin,Cuevas,14087281954,0,0
255,Lupe,Vega,4087999701,0,3,865,1938,2827
256,Maria,Flores,4084492423,0,4,448,946,1146,1516
257,Juan,Gamino,4088340295,0,14,216,807,947,1450,1952,2159,2313,2930,3163,3287,3370,3468,3515,3820
258,Magdalena,Gamino,4085458247,0,2,844,2873
259,Magdalena,Gamino,4085458287,0,0
260,Roberto,Mejia,4086031262,0,0
261,Rachael,Garcia,5108675202,0,7,50,757,817,1050,1501,1649,2274
262,Adela,Maldonado,4088296304,0,0
263,Lourdes,Medal,4086058178,0,8,43,867,2396,2760,2894,3174,3493,3800
264,Daniel,Borca,4084821674,0,24,116,782,977,1090,1175,1340,1415,1483,1585,1648,1681,1747,1943,1944,2086,2130,2180,2216,2218,2297,2607,3090,3356,3632
265,Agustin,Arroyo,9709149007,0,0
266,Jorge,Guerrero,4087571123,0,6,161,769,892,1015,1061,1416
267,Alfonso,Plancarte,4088236488,0,7,1309,2066,2488,2808,3076,3273,3571
268,Alberto,Salinas,4087575079,0,2,1528,3064
269,Petriuk,P.,4086376550,0,2,1060,3061
270,Junior,Loia,4089915304,0,2,2019,3796
271,Jose,Robledo,6692397587,0,4,146,991,1947,2750
272,Rudy,Diaz,4082158526,0,11,30,613,660,1646,1807,1813,1871,1996,2074,2115,2448
273,Juan,Sanchez,4084225191,0,8,243,292,444,524,741,1055,1643,3801
274,Mai,Nguyen,4087507934,0,1,248
275,Harry,Wong,4084762303,0,2,294,664
276,Roberto,Garcia,4083189378,0,1,1330
277,Asencion,Crisostomo,6502716546,0,1,2547
278,Marta,Campos,4085099274,0,3,2,1187,1566
279,Angelica,Aguilar,4084200224,0,5,3,91,548,1219,1294
280,Hung,Nguyen,4086911000,0,4,5,420,1897,2236
281,Phoung,Lam,4082393078,0,3,483,1905,3867
282,Cyber Glove,Systems,4084205354,0,7,7,80,89,94,405,475,667
283,Ramon,Viscarra,4086916392,0,4,8,66,2231,3652
284,Manuel,Villa,4088436761,0,3,10,1161,1456
285,Plumbing,Superior,4085284103,0,5,507,1150,2423,2579,3647
286,Leah,Taylor,4088132056,0,3,14,727,1850
287,Anarosa,Alvarado,4089913709,0,4,2856,2862,3341,3496
288,Jose,Andrade,4087945180,0,5,16,1669,2290,2555,3269
289,Noodle,Tk,4082231688,0,16,17,262,547,788,886,1364,1920,2058,2141,2470,2713,2899,3115,3219,3401,3766
290,Avina,Alejandro,6502796973,0,8,20,280,702,1247,1271,2335,2754,3659
291,Marion,Elizaga,4082077565,0,7,21,353,2063,2243,2259,2286,2842
292,Jaime,Noriega,4086876685,0,3,22,2742,3710
293,Yvette,Gurat,4084211551,0,1,23
294,Rosa,Muniz,4086055420,0,1,27
295,Reyna,Paz,4083323816,0,2,31,106
296,Magela,Castaneda,4088543547,0,1,32
297,Elena,Galindo,4085097721,0,3,33,1363,1602
298,David ,Urena,6692853478,0,4,37,68,648,765
299,Thanh,Bua,4088812617,0,1,38
300,Gopal,Singh,4082302613,0,3,70,435,1746
301,Tran,Thai,4085208293,0,3,762,1527,3470
302,Cyntia,Keene,4083969447,0,17,268,306,391,609,663,796,987,1521,1888,1956,2188,2440,2541,2996,3283,3443,3742
303,Francisco,Solorio,4087266014,0,10,40,110,499,647,826,986,1209,1393,1654,2131
304,Alan ,Vu,4159969496,0,3,41,46,343
305,Lupita,Martinez,4089124156,0,7,47,352,1976,2613,2650,3082,3302
306,Huy,Trinh,4086614914,0,2,90,232
307,Juan,Armenta,4085901739,0,11,218,371,480,1371,1672,1983,2110,2799,3038,3250,3314
308,Barney,Tomacder,4086676973,0,0
309,Maria,Hernandez,4086554077,0,1,54
310,Claudia,Robledo,4086485102,0,7,55,227,874,1766,2135,2438,3849
311,Jaqueline,Samudio,4088243719,0,4,58,768,1772,2751
312,David,Pena,4086561108,0,3,62,1696,1697
313,Margie,Ddavis,4088960256,0,4,64,2341,2471,3522
314,Hugo,Tacos,4089383139,0,0
315,Raul,Armamnento,4088364405,0,0
316,Luis,Alonso,4086405842,0,4,65,82,2257,2645
317,Sandra,Moran,6692458257,0,2,67,319
318,Mguel,Aguilar,2047614,0,1,72
319,Celeste,Ramires,4083935649,0,5,75,138,367,659,1367
320,Chery,Caspe,8177743704,0,8,1926,2014,2025,2043,2104,3331,3656,3788
321,Sanchez,Elizaberth,4088935020,0,2,77,1459
322,Sergio,Sandoval,4159883776,0,1,1563
323,Anh,Le,4082411552,0,12,78,386,755,988,1188,1621,1816,2181,2741,2985,3221,3797
324,Pedro,Cruz,4085404338,0,0
325,Ana,Cisnero,4084895658,0,1,81
326,Jose,Limon,0000000000,0,4,86,382,1306,3298
327,Eddie,Hernandez,4086231395,0,61,85,183,234,291,344,398,445,478,522,570,618,676,722,789,838,895,940,998,1047,1170,1217,1282,1318,1487,1542,1578,1629,1686,1735,1791,1846,1887,1971,2031,2084,2121,2174,2227,2345,2400,2446,2494,2559,2620,2702,2771,2825,2919,2983,3053,3112,3243,3294,3371,3435,3498,3558,3620,3688,3743,3803
328,Antony,Mesquita,4085097097,0,1,88
329,Ben,Schoolfield,4086309842,0,5,93,194,3011,3235,3828
330,Ana,Martinez,4089316199,0,8,95,484,591,1573,1709,1721,1907,3753
331,Vicente,Guevara,6692167336,0,1,96
332,Fernando,Martinez,6692106235,0,2,97,192
333,Antony,Balderas,4085208570,0,5,98,1556,2143,2196,2681
334,Hector,Solorio,4088352793,0,7,99,241,330,339,708,896,1840
335,America,Moreno,4083607259,0,11,100,1544,1690,1900,2354,2502,2711,2837,3375,3706,3755
336,Joie,Cariaga,4089314979,0,4,101,1636,2142,2786
337,Salvador,Sandoval,4084664155,0,1,105
338,Zacarias,Elizabeth,4082105311,0,2,109,176
339,Adriana,Gonzalez,4086072280,0,1,111
340,Christina,Navarro,4083867261,0,1,112
341,Saul,Casillas,4085440357,0,2,113,2378
342,Paul,Tautolo,4089123313,0,5,114,338,1424,1590,2187
343,Jaqueline,Gonzalez,4084838629,0,2,474,754
344,Jhon,Cantu,4088587444,0,7,116,640,707,944,1080,2203,2691
345,Jarde,Cariaga,4086038345,0,1,119
346,Conie,Dove,4082041843,0,6,122,801,1394,1658,1762,3575
347,Jerry,Lewis,4083329448,0,7,123,276,504,704,1065,3334,3837
348,Eloisa,Garcia,5107065885,0,1,124
349,Jd,Sharma,4082036731,0,7,125,527,1655,1684,2012,2377,3673
350,Robert,Vergara,4083866067,0,10,126,206,228,447,500,654,1801,3121,3450,3817
351,Carolina,Osorio,4087599327,0,1,127
352,Gil,Velasquez,4085940122,0,1,128
353,Autorepair,J&c,4089816487,0,1,129
354,Nar,Adriano,4087993812,0,3,132,412,875
355,Ana,Rivera,4082308886,0,2,134,2684
356,Juan,Carrillo,5103557960,0,2,135,3637
357,Hue,Nguyen,4088134783,0,1,139
358,Javier,Rivera,4087262204,0,1,143
359,Francisco,Morales,4084396914,0,7,145,191,1157,1341,1936,2085,3715
360,Ivett,Colorado,4086406047,0,1,148
361,Indru,Bhatia,4082068215,0,7,149,253,506,686,1261,1406,2053
362,Ricardo,Rosas,4085616739,0,13,152,258,555,863,1097,1305,1345,1560,1633,1960,2482,2696,2994
363,Builders,Canaan,4083754288,0,2,172,348
364,Jose,Velez,4088410298,0,1,155
365,Robert,Moreno,4063946823,0,1,159
366,Michael,Iampietro,4082066984,0,1,160
367,Phong,Nguyen,4083150804,0,3,163,1575,1576
368,Phoung,Do,4084897809,0,6,164,520,3193,3312,3431,3757
369,Maria,Martinez,4085189605,0,2,165,3611
370,Sal ,Govea,4086614243,0,6,166,2177,2280,2281,2283,3025
371,Jorge,Rodrigues,4088359482,0,9,167,327,744,1359,1667,1858,2412,2815,2980
372,Jose,Cardenas,5105123663,0,1,168
373,Frank,Baltazar,4083865458,0,9,169,209,395,617,1148,2183,3295,3634,3821
374,Carol,Contreras,4088769999,0,4,177,213,2947,3131
375,Andres,Cecena,5105185820,0,1,180
376,Claudia,Montez,4089603333,0,4,181,254,1780,2755
377,Elva,Inosencio,4084219466,0,1,184
378,Pedro,Larios,4084381761,0,6,185,245,295,1099,1151,1285
379,Carlos,Reynaga,6692783464,0,4,187,909,1210,1739
380,Lisa,Kackson,4088139265,0,1,198
381,Diana,Wasihgton,4088591206,0,2,199,668
382,Vanesa,Sanchez,4084282845,0,6,203,1265,1391,2879,3482,3858
383,Autavius,Ison,4705063585,0,3,205,250,2069
384,Kamal,Polloloco,4085950369,0,0
385,Shoe Repair,Andy's,4082700850,0,1,763
386,Marta,Montez,4082048195,0,12,211,546,770,1011,1301,1519,1886,2261,2656,3099,3369,3846
387,Walter,Mcdonald,4088544717,0,3,212,3032,3075
388,Sandra,Rodriguez,4089813922,0,15,220,359,523,903,1106,1436,1597,1731,2020,2201,2643,3002,3297,3704,3722
389,Norma,Cordova,4085109405,0,3,222,2774,3050
390,Jose,Ramires,4088412790,0,3,223,1319,1366
391,Lucero,Arango,6694540779,0,8,225,1493,1831,1912,2291,2669,3055,3499
392,Rosa,Ortiz,4089035133,0,7,230,413,818,1535,1826,2332,2944
393,Hilario,Ojeda,4087713615,0,1,235
394,Antonio,Gomes,4085158274,0,1,237
395,Joe,Pobre,4088917799,0,14,242,349,437,517,690,881,931,1680,1973,2184,2333,2503,3344,3752
396,Villafuerte,Bernarda,4085518364,0,1,251
397,David,Melgoza,4085975275,0,1,252
398,Tung,Nguyen,4084206578,0,3,255,1463,1745
399,Erick,Orosco,4084319562,0,1,261
400,Willie,Mccoy,4086567515,0,6,264,939,1587,2398,2974,3756
401,Hensel,Troche,5105809411,0,46,266,314,427,593,652,699,748,800,856,904,994,1024,1069,1089,1113,1182,1253,1354,1448,1539,1553,1665,1783,1809,1820,1865,1970,2052,2147,2192,2241,2302,2358,2473,2525,2608,2798,2885,2912,3070,3426,3476,3569,3609,3709,3829
402,Alejandro,Aguilar,4084205503,0,14,269,515,670,907,1058,1469,1836,2318,2371,2548,2816,3029,3266,3619
403,H.s,Mount Plasent,0000000,0,0
404,H.s,Mount Plasent,000000,0,1,271
405,Leticia,Garcia,4083902711,0,1,273
406,Peter,Giang,5104071881,0,1,274
407,Maria,Miranda,4088491782,0,2,278,2175
408,Christina,Canty,4084407174,0,0
409,Teresa,Guand,4088132005,0,2,282,2800
410,Jorge,Reyes,4088585545,0,7,287,376,713,775,1348,1935,3526
411,Ortiz,Jose Luis,4088968815,0,3,289,2346,2486
412,Eduardo,Martinez,6692068132,0,8,290,1647,1724,1756,1757,1758,2372,3502
413,Cordelia,Nwuzi,4085156778,0,1,296
414,Vanesa,Castellon,4089311279,0,9,297,450,840,950,1898,2450,2500,2712,2775
415,Aivy,Nguyen,4087919288,0,1,300
416,Veronica,Chavez,4087242275,0,12,303,574,906,1200,1349,1552,1598,2416,2575,2677,2881,3141
417,Jannette,Mariano,408213632,0,1,304
418,Phuc,Tran,9513731124,0,1,305
419,Nicolas,Ruiz,6692068070,0,12,307,1021,1116,1235,1347,1445,1503,1580,1620,1701,3322,3809
420,Jose,Medina,4086037027,0,3,308,2796,3749
421,Chanel,Raines,4083756713,0,18,309,531,564,731,1073,1444,1570,2008,2107,2268,2433,2578,2690,2735,3028,3104,3850,3851
422,Sathyan,Catari,4082304649,0,3,310,356,2441
423,Alicia,Williams,4082420960,0,1,315
424,Rodrigo,Gutierrez,4086551976,0,8,317,709,1027,1248,2015,2734,2995,3342
425,Michael,Lee,408650478,0,1,318
426,Francisco,Luna,4083906765,0,1,321
427,Eva,Nieto,4082589546,0,1,322
428,Christian,Sepulveda,4086460732,0,11,323,492,864,1124,1428,2700,2847,3145,3175,3441,3521
429,Jaime,Florentino,4083966932,0,1,325
430,Romualdo,Leon,4083926944,0,4,326,584,724,1004
431,Anthony,Fernandez,4088549071,0,1,328
432,Manuel,Vega,5102925532,0,1,337
433,Jasmine,Zamora,4086139820,0,1,340
434,Ramires,Andres,6692168496,0,2,341,1800
435,Silvia,Suarez,4088354077,0,4,347,930,3814,3815
436,Cindy,Del Rosario,4084764452,0,1,3234
437,Cindy,Del Rosario,4084764453,0,6,351,805,1279,1693,2294,3741
438,Sears,Ante,4084069590,0,1,358
439,Steven,Zamora,4083961043,0,3,360,1121,3254
440,Shane,Bulosan,4085054426,0,1,361
441,Maria,Aguirre,4084394413,0,3,363,578,901
442,Tone,Keo,4086006450,0,1,365
443,Manuel,Mazzilli,6502837962,0,1,369
444,Andy,Bacilio,4086017881,0,4,372,438,468,859
445,Adalberto,Silva,4085615932,0,2,374,2845
446,Francisco,Martinez,4086610475,0,6,375,922,1515,2941,2953,3420
447,Deniz,White,4082384072,0,1,378
448,Rodrigo,Alba,4083949963,0,3,380,1013,2839
449,Rigoberto,Mendoza,5109639234,0,2,383,3436
450,Sophat,Chan,6692137948,0,1,385
451,Samuel,Hodge,4083323714,0,10,387,410,905,1322,1509,2309,2374,2508,2770,3155
452,Omar ,Reynoso,4087173316,0,2,389,1773
453,Gloria,Rodrigues,4088544417,0,1,392
454,Victor,Mendoza,4087707988,0,1,400
455,Esequiel ,Gomes,6692868938,0,1,401
456,Ashok,Tewari,4084214936,0,5,978,1303,2003,2370,2765
457,Pablo,Perea,4087917288,0,4,404,1196,3238,3274
458,Bona,Chhith,6699002220,0,1,408
459,Juan,Magana,6692327028,0,1,451
460,Edith,Pacheco,4085081978,0,4,411,550,2511,3731
461,Agustin,Bahena,6693431252,0,1,415
462,Alonso,Sanchez,4084959975,0,1,421
463,Citlalli,Huicho,4083945054,0,2,424,537
464,Maria,Navarro,4088496985,0,1,430
465,Gen,Maharjan,6468987570,0,1,432
466,Jonathan,B,5169841031,0,1,434
467,Dario,Ramires,4088322314,0,7,441,469,1443,2186,2599,2908,3195
468,Miguel,Melendez,9095800619,0,2,443,2327
469,Edward,Flores,4088363279,0,1,446
470,Maria,Rodrigues,4084122243,0,3,449,485,3539
471,Juan,Aguilar,6506653364,0,2,454,2407
472,Candelaria,Regalado,4088901541,0,1,455
473,Debie,Walton,4088351893,0,3,457,3456,3485
474,Julio,Lugo,4084217415,0,1,459
475,Juan Carlos,Sanchez,4085099416,0,4,461,1645,2390,2706
476,Elena,Barraza,4086645915,0,1,464
477,Lahon,Ross,4088549168,0,4,466,1603,3129,3600
478,Faustino,Rodrigues,4086875654,0,1,472
479,Aurora,Padilla,65050567006,0,3,477,993,3330
480,Enrrique,Rivera,6692745085,0,1,486
481,Miguel,Figueroa,4083328809,0,2,487,1657
482,Silvia,Roman,9099299153,0,1,490
483,Cordon,Garcia,4087724722,0,1,493
484,Geraldine,Bordon,4085043458,0,7,497,516,535,649,703,794,1980
485,Erick,Gomes,9257190699,0,9,503,965,1389,1628,1700,1752,3062,3096,3257
486,Flores,Della,4084765009,0,5,505,2752,3394,3424,3824
487,Margaret,Chavez,4084696391,0,1,508
488,Jorge,Rocamora,6692581957,0,8,512,921,956,1156,1619,2134,2363,3113
489,Evelyn,Galace,4084313245,0,2,513,540
490,Socorro,Carrillo,4087628471,0,5,514,1659,2097,2465,3780
491,Padilla,Julian,6502658798,0,1,519
492,Jose,Castro,4088969071,0,1,521
493,Doan,Mac,4086059294,0,1,525
494,Pilar,Castillo,4088028085,0,4,526,1737,1776,2449
495,Nora,Diaz,4088051376,0,2,528,3215
496,Tommy,Gonzalez,4086445115,0,1,529
497,Florencio,Montalvo,4087345746,0,2,530,672
498,Jordy,Gaspar,4083752450,0,1,538
499,Jimenez,Roberto,4089915891,0,2,539,2843
500,Alejandro,Casillas,4088769649,0,3,542,2557,2929
501,Ej,Lasib,6697998475,0,1,543
502,Marvin,Navarro,4087752345,0,9,552,852,1010,1100,1115,1473,1825,2125,3553
503,Jason,Palomino,4088130242,0,1,554
504,Antony,Mora,4089315916,0,1,556
505,Judy,Robinson,4089906455,0,4,557,1408,1915,2042
506,Oscar,Geronimo,4087819155,0,4,562,2089,2828,3831
507,Silvia,Diaz,4084726957,0,1,565
508,Vicente,Gonzalez,4087636332,0,5,566,990,1057,1906,3621
509,Albert,Salcedo,4086558328,0,9,567,1142,1257,1266,1321,1395,1429,1466,3509
510,Berenice,Carapia,4086915709,0,1,569
511,Gladis,Lanza,8186718821,0,1,572
512,Fernando,Mandujano,4089915131,0,4,573,1484,1819,2966
513,Raymond,Misa,4085931375,0,6,575,790,797,1656,1683,2075
514,Fota,Filo,4086770917,0,8,576,611,739,1051,1854,3036,3166,3843
515,Minh,Dang,4156760826,0,1,585
516,Thuy,Huynh,4086466728,0,1,587
517,Juan,Pinon,4087728986,0,1,590
518,Lucia,Garcia,4082043192,0,3,595,1833,3527
519,Bern,Valencia,4085980535,0,4,596,735,1300,3581
520,Ithel,Plancarte,4087086638,0,1,597
521,Salvador ,Diaz,4087752370,0,1,599
522,Elva,Gomes,4085613360,0,1,600
523,Maria,Avalos,4088497194,0,1,601
524,Rob,White,9168232752,0,1,606
525,Onecimo,Hernandez,8312254844,0,1,607
526,Victor,Magana,8316375925,0,1,619
527,Roy,Lopes,4088567993,0,9,620,700,999,1475,1637,2129,2976,3225,3430
528,Edgar,Sipriano,4087632555,0,1,622
529,Rolando,Guel,4087915601,0,1,623
530,Josefina,Perez,6692387943,0,4,625,626,1281,1344
531,Elvira,Hidalgo,4086008243,0,1,629
532,Mitchel,Armenta,4087949478,0,2,630,1796
533,Harvey,Singh,4086259096,0,1,631
534,Veronica,Nguyen,4089925500,0,3,632,1989,2813
535,Jesus,Talavera,4088136943,0,1,633
536,Torres,Eli,2093196414,0,2,636,828
537,Store,Epic,4082748887,0,5,637,1335,2464,2874,2949
538,Jose,Bautista,4082163292,0,5,641,701,799,829,1066
539,Gigi,Castillo,4087506968,0,3,644,2081,2399
540,Norverto,Vinoya,4086378075,0,1,646
541,Adan,Cervantes,4084770383,0,1,651
542,Karen,Nguyen,4089666848,0,1,653
543,Sara,Melendez,4084499609,0,1,2474
544,Mariela,Cruz,4085990592,0,7,656,916,948,1131,1853,2300,2328
545,Cintia,Alcaraz,4082347640,0,6,658,1111,1311,2380,2487,3584
546,Rogelio,Lopes,4086454127,0,2,661,2958
547,edie,estrada,4082103177,0,4,669,2339,2340,3352
548,Rosa,Govea,4087975584,0,1,671
549,Claudia,Enrriquez,4085128843,0,3,674,1764,1966
550,Qui,Truong,4085104847,0,3,675,928,2766
551,Marcos,Ledesma,4087267813,0,3,677,2194,2860
552,Silvia,Juarez,4087599734,0,2,679,2386
553,Benjamin,Coleto,4087262976,0,2,681,1992
554,Moices,Viramontes,408785772401,0,2,689,1555
555,Reyna,Magayon,4088027461,0,3,694,3415,3479
556,Hugo,Ogeda,4083983139,0,1,695
557,Pamela,Ruiz,4085092449,0,2,697,2098
558,Leo,Sanchez,4086799077,0,4,705,1128,1919,2496
559,Graciela,Flores,4082090485,0,1,712
560,Miguel,Heredia,4089913263,0,1,714
561,Sanchez,Scott,4085504186,0,2,716,2709
562,Ken,Tom,6693178585,0,2,719,728
563,Alejandra,Magana,4086687742,0,2,721,1342
564,Barbara,Bustos,6698884597,0,1,726
565,Sanchez,Cyntia,4085929535,0,7,732,1218,1514,1815,2228,2495,3093
566,Mario,Navarro,4085128365,0,1,733
567,Union,North Carpinters,5104217562,0,2,736,2961
568,Malto,Jean,4085157999,0,3,738,1635,1795
569,Leone,Iosepha,8084206440,0,4,745,1095,1269,1455
570,Fernando,Rodrigues,4089109286,0,5,746,2411,2638,2906,3663
571,Cindy,Diaz,4084208661,0,1,750
572,Vicente,Caldera,4087962374,0,1,758
573,Kim,Nguyen,6698888989,0,3,772,2721,3236
574,Sr.,Esquibel,4082595076,0,1,1236
575,Jawfrie,Quejada,4088237420,0,1,779
576,Erandy,Jayme,510375065,0,4,781,997,1843,1968
577,Andrea,Fuentes,4084014602,0,1,783
578,David,Linzaga,4086006528,0,2,784,2652
579,Dionicio,Palencia,4083076071,0,3,787,1433,3615
580,Marco,Martinez,6692199983,0,1,792
581,Elias,Diaz  36.25,4089080951,0,5,795,2190,2413,2472,3087
582,Willie,Uy,6692871729,0,3,803,2082,2593
583,Jason,Rivera,4088549460,0,2,809,938
584,Edna,Mathis,4087050491,0,3,819,1312,3353
585,Ramiro,Lopes,6693015978,0,2,823,3338
586,Yang,Chai,4082505396,0,1,831
587,Adriel,Diaz,4089141995,0,2,832,1729
588,Claren C                   ,Batts,4087102046,0,1,835
589,Rich,Tran,4085317165,0,0
590,Dany,Opena,4087185961,0,2,837,2715
591,Jim,Baumgart,4086936380,0,1,839
592,Main,Pintor,4083158340,0,7,841,843,850,973,1016,2215,2594
593,Oscar,Plancarte,6694001984,0,2,848,884
594,Edwin,Silva,6692262542,0,3,851,969,1239
595,Anai,Ruvalcava,4085001492,0,4,853,919,2361,2797
596,Estrella,Espino,4088320955,0,2,854,2250
597,Leslie,Green,4084254942,0,1,857
598,Katrina,Barnes,4087815253,0,3,2806,2975,3139
599,Maria,Lopes,4084063161,0,1,861
600,Des,Raj,4083899771,0,1,862
601,King,Malauulu,4084422968,0,5,1255,1277,1811,1838,3669
602,Valeria,Camarillo,4085092454,0,3,872,873,3559
603,Aruuin,Tualla,5109259257,0,2,887,3512
604,Antony,Sanchez,4088061974,0,7,888,1381,1638,1702,2233,2580,3256
605,Marjorie,Elizaga,5104328633,0,4,891,1006,3726,3776
606,Izac,Tania,4089037489,0,1,908
607,Maria,Molina,6692780626,0,5,911,2614,2625,2719,3304
608,Tommy,Nguyen,4086189578,0,5,917,2857,2887,3097,3313
609,Leopoldo,Jimenez,4086918664,0,1,925
610,Cindy,Boby,4084228081,0,1,935
611,Luis,Palma,4087750867,0,3,936,2803,2884
612,Tony,Dinh,4086934531,0,4,945,1478,1734,3658
613,Luzmaria,Esquibel,4087754705,0,2,954,3192
614,Francisca,Fierro,4085154758,0,2,960,1513
615,Manuel,Padilla,4086900628,0,3,961,1467,2064
616,Leann,Miyashin,4083756360,0,0
617,Rosa,Hernandez,4084427904,0,1,962
618,Victor,Banzon,8312067418,0,1,964
619,Noine,Del Prado,6692516232,0,2,966,3793
620,Aide,Cortez,4086854610,0,6,970,1328,2101,2305,2633,2674
621,J,Soriano,6692309249,0,1,1720
622,Sabrina,Saldana,6692079133,0,7,971,1879,2514,2539,2868,2972,3590
623,Denise,Morris,4088232473,0,1,1243
624,Yadira,Trujano,6692612544,0,5,974,1361,2303,2348,2795
625,Gregorio,Vivero,4084839776,0,1,1927
626,Joey,Cerrillo,4088496351,0,1,984
627,Alejandro,Cardenas,7149367137,0,7,992,1286,1664,1730,1755,2162,2886
628,Tim,Yam,4157996219,0,0
629,O,Balgos,4085914598,0,1,2791
630,Juan,Ghallegos,4086060234,0,0
631,Rosa,George,6693507974,0,4,1053,1293,1753,1797
632,William,Guzman,4083980990,0,2,1017,2319
633,Raul,Romero,5099898029,0,1,1018
634,Richard,Levan,9168018537,0,1,1019
635,Alondra,Martinez,6692104019,0,2,1025,1699
636,Ivan,Ganvoa,4086031823,0,1,1031
637,Alex,Rodrigues,4086911481,0,4,1033,2240,2729,3863
638,Roberto,Jaime,4088495821,0,1,1034
639,Manuel,Salazar,4083860923,0,4,1035,1262,1543,2343
640,Carolina,Ortega,6692426529,0,2,1039,3720
641,Beatrice,Lee,4088909620,0,6,1040,1152,1278,1671,1878,1940
642,Ray,Ortiz,4087919684,0,3,1041,1083,2960
643,Sonia,Guel,4086305896,0,2,1042,1098
644,Alejandro,Garcia,6699003408,0,1,1044
645,Natalia,Rosas,4089124938,0,10,1063,1064,1088,1114,1134,1190,1712,1822,1911,2697
646,Ray,Palma,8086993867,0,1,1067
647,Glen,Alcartara,4086917520,0,5,1068,1331,1781,2009,2946
648,Denise,Lara,4084015920,0,2,1072,1714
649,Anabel,Lopes,4084319180,0,3,1076,1137,1929
650,Anita,Dabbs,6504654965,0,4,1079,1169,1284,1438
651,Estela,Orosco,4086612385,0,4,1081,1550,2166,3524
652,Razzi,Vantilan,7026860499,0,1,1091
653,Daniel ,Cardenas,4085955536,0,6,1094,1504,1593,1821,1859,2603
654,Steve,Patridge,4084791834,0,2,1101,1140
655,Maria,Pulido,8045129480,0,2,1122,1771
656,Maria,Mandujano,4085823467,0,3,1123,2588,3255
657,Carlos,Deporta,4085181300,0,2,1125,1741
658,Monique,Rodriguez,4082173969,0,4,1127,1198,1401,2024
659,Jake,Sagun,4084416313,0,1,1129
660,Albert,Christianson,4088212993,0,3,1132,1133,1388
661,Mirian,Gutierrez,4084492356,0,1,1136
662,Ofelia,Jonsay,4085518757,0,0
663,Edith,Zamora,4087914589,0,1,1138
664,Sergio,Sandoval,4159883773,0,2,1139,2630
665,Marta,Hernandez,4083096002,0,2,1141,3263
666,Irma,Arce,4083062477,0,1,1145
667,An,Daray,4087126192,0,1,1969
668,Len,Dublin,4088915121,0,2,1158,3770
669,Juan,Cuevas,4089664327,0,1,1159
670,Davin,Tran,4088814165,0,1,1162
671,Godines,Rita,4088877464,0,2,1164,1953
672,Alma,Hernandez,4084407790,0,1,1165
673,Rolando,Cisneros,4084261446,0,3,1167,1562,2648
674,Toribio,Vargas,4088365354,0,3,1172,2565,3410
675,Richard,Van,7145159032,0,1,1173
676,Nena,Viscarra,4089108352,0,1,1178
677,Rosi,Moran,4083932165,0,2,1179,1288
678,Santos,Aparicio,4085090264,0,2,1183,1412
679,H.s.,Mount Plasent,1088212993,0,1,1185
680,Edgardo,Ramires,4084202460,0,1,1191
681,Gilberto,Castellano,4086134168,0,2,1193,2678
682,Eva,Rebolledo,4086087775,0,3,1195,3058,3549
683,Eva,Ramires,4085092215,0,1,1202
684,Benito,Zarate,4084649497,0,1,1204
685,Claudia,Saravia,4088544743,0,2,1213,3687
686,Braulio,Hernandez,4086916645,0,1,1215
687,Kevin,Elguea,4086776623,0,3,1216,1280,1541
688,Alejandro,Ramos,4088072944,0,3,1223,1382,1565
689,Benita,Magday,4085329886,0,1,1224
690,Aeth,Manuel,4088880070,0,3,1226,1329,1959
691,Irma,Martinez,4084498001,0,1,1229
692,Rey,Cervo,4082183403,0,2,1233,3812
693,Victoria,Gil,4088542836,0,16,1237,1304,1948,1987,2054,2071,2136,2167,2202,2368,2425,2527,2570,2635,2911,3293
694,Manuel,Ochoa,4089905594,0,2,1238,2288
695,Edward,Forman,4087723772,0,4,1241,1711,2105,2606
696,Reymundo,Morales,4083862591,0,2,1244,1767
697,Yvonne,Woodson,4083558485,0,1,1256
698,Javier,Gomes,4082282458,0,2,1260,3696
699,Gilberto,Robles,4084764401,0,9,1267,1396,2338,2393,2414,2550,3098,3108,3605
700,Alvaro,Ruiz,4086615334,0,1,1274
701,Valencia,Isaura,4088589166,0,1,1290
702,Rebeca,Mejia,4087993583,0,0
703,Manuel,Marquez,406555773,0,3,1320,1376,1740
704,Jacky,Hernandez,6502813073,0,1,1323
705,Poul,Do,4087997298,0,1,1325
706,Allende,Maria,6692709513,0,1,1327
707,Emilse,Flores,6692426281,0,1,1334
708,Steve,Duong,4084785183,0,1,1339
709,Mitchel,Grey,4087123491,0,4,1343,1784,3733,3790
710,Willi,Abrahan,4082213209,0,3,1346,3125,3750
711,Hang,Nguyen,6693336888,0,1,1351
712,Edward,Guerrero,4088358160,0,4,1353,1372,1492,1703
713,Edgar,Pajaro,8184220683,0,1,1356
714,Umberto,Mejia,4084698901,0,2,1360,2157
715,Cindy,Pacheco,4089310736,0,1,1365
716,Elain,Brojas,4085137619,0,0
717,Volanda,Candelaria,4088353675,0,3,1411,1774,3613
718,Ramiro,Nuno,4082307028,0,4,1373,2219,2306,2811
719,Yesenia,Morales,4089816479,0,1,1375
720,Marvin,Ison,4087689232,0,4,1383,1777,2208,3024
721,Rafael,Ramos,6692327552,0,3,1386,1705,2582
722,Jania,Parrales,4085936049,0,28,1387,1474,1532,1589,1650,1763,1810,1860,1921,1993,2027,2312,2383,2467,2506,2532,2686,2794,2819,2957,3074,3264,3308,3399,3471,3596,3665,3838
723,Fredy,Talledos,4084648128,0,4,1390,2163,3633,3751
724,Alejandra,Andrades,4088595523,0,3,1392,2481,3664
725,Lupe,Rodrigues,4088549716,0,1,1402
726,Reyna,Torres,4089338683,0,3,1409,2006,3217
727,Alejandra,Berdusco,4087691553,0,2,1413,1435
728,Faumuina,Tupu,4088549950,0,0
729,Lupe,Bejines,3083145153,0,0
730,Jorge,Solorio,4083324200,0,1,1423
731,Stephanie,Nguyen,4086660557,0,6,1599,1732,1868,2189,3548,3781
732,Tran,Nhon,4088884321,0,1,3507
733,Carlos,Martinez,4086907469,0,3,1452,1453,3823
734,Rose,Baquiran,4087990502,0,2,1454,2004
735,Claudia,Landa,4083032955,0,1,1460
736,Gabriel,Bautista,6692132080,0,1,1472
737,Tony,Truong,4087574477,0,2,1476,1841
738,Barbara,Suares,4089301176,0,1,1477
739,Yazmin,Patino,4089109484,0,1,1482
740,N,Cordelia,4085155778,0,3,1485,3556,3730
741,Ryan,Santos,8318841205,0,1,1489
742,Yonni,Cortez,4088231822,0,1,1495
743,Lido,Solorio,4086987444,0,1,1502
744,Virginia,Ramires,40842077348,0,6,1505,1768,1790,2033,3132,3588
745,Andrea,Reyes,2096754888,0,1,1517
746,Elias,Vidal,4084697683,0,1,1518
747,Fernando,Miranda,4086136952,0,2,1523,2350
748,Silvia,Gutierrez,405615310,0,1,1525
749,Diana,Washington,4082706378,0,2,1531,3805
750,Eduardo,Olvera,4085924074,0,1,1533
751,Jansin,Dumpit,7075676111,0,2,1540,1713
752,Sergio,Espino,6502289141,0,2,2170,2437
753,Daisy,Hattori,8084923883,0,0
754,Tina,Vu,4089218462,0,3,1571,1605,2740
755,Juanita,Torres,4084175658,0,1,1577
756,Jordi,Gomes,4085934178,0,4,1579,1803,2632,3323
757,Mario,Hernandez,4088549458,0,3,1600,2876,3745
758,Manuel,Diaz,4087977722,0,1,1601
759,Aguilar,Luis,6692787177,0,2,1606,1616
760,Joes,Heeregrave,6692926168,0,0
761,Dany,Lopes,6692937815,0,1,1610
762,Francisco,Gonzalez,4082096109,0,0
763,Jose,Matute,4086145356,0,1,1617
764,Catherne,Morris,4084068602,0,3,1618,3187,3289
765,Salomon,Ramires,4084602242,0,11,1626,1723,1805,1913,2144,2445,2572,3069,3519,3580,3819
766,Sonia,Lopes,4084172132,0,5,1631,1933,3327,3328,3357
767,Alex,Castro,6692581258,0,1,1641
768,Luis,Garcia,4084698526,0,2,1651,2401
769,Brewelyn,Tudio,4082072670,0,1,1652
770,Silvano,Navarro,4086443168,0,1,1653
771,Daniel,Perez,4085613162667,0,1,1662
772,Maria,Suares,4088593012,0,2,1670,3464
773,Thanh,Cao,4087172036,0,0
774,Paul,Dien,4083346553,0,1,1674
775,Jessica,Gomes,4085097886,0,1,1676
776,Matt,Nguyen,4082093620,0,1,1688
777,Roxana,Anderson,4083965042,0,1,1689
778,Robert ,Ramos,4088542927,0,2,1691,3723
779,Jorge,Valencia,4086857748,0,2,1692,3117
780,Bik,Singh,4088768715,0,4,1695,1799,1890,2581
781,Leticia,Torres,4083145558,0,1,1751
782,Rosa,Luna,4084178918,0,0
783,Joe,Pastor,6692926167,0,7,1725,1830,2070,2478,2880,3681,3866
784,Hg,Nguyen,4084168777,0,1,1726
785,Carmen,Garcia,4088540530,0,3,1733,1832,2882
786,Mirna,Camacho,4083879289,0,3,1748,2672,2687
787,Angelica,Gutierrez,4088492841,0,3,1750,2044,2452
788,Fernando,Ramires,4087599644,0,2,1754,1857
789,Guillermo,Barrientos,4086670591,0,3,1759,2864,3567
790,Olivia,Partida,4084602633,0,1,1769
791,Armamdo,Morales,4085315979,0,2,1775,3106
792,Diosires,Galiano,4086939468,0,1,1787
793,Vu,Nguyen,4083203649,0,1,1789
794,Antonio,Lopes,4086799974,0,2,1792,1827
795,Maria,Flores,4084675009,0,1,1798
796,Conrad,Clayton,4086666961,0,0
797,Anthony,Gutierrez,6692780083,0,1,1802
798,Jonathan,Cordova,4086099313,0,10,1806,1814,1848,1870,1881,2088,2114,2812,3291,3655
799,Irma,Arias,4088411621,0,1,1808
800,Ethel,Williams,4082384331,0,3,1818,2118,2781
801,Elctric,Acero,4085009548,0,0
802,Andres,Chavez,4087707736,0,2,1823,3404
803,David,Rivera,5109672227,0,1,1824
804,Peter,Ling,4086366777,0,3,1837,1866,1967
805,Jonatan,Bravo,9259985727,0,2,1839,2982
806,Rene,Castillo,6692167683,0,1,1844
807,Miguel,Lozano,4088028221,0,3,1861,1991,2680
808,Maria Soledad,Navarrete,4089915381,0,1,1864
809,Leslie,Alarcon,4086801355,0,4,1873,2050,3674,3832
810,Jenny,Kou,5106020023,0,1,2266
811,sixtos,Barron,4083930688,0,1,1891
812,Kevin,Flag,4089033870,0,3,1892,2127,3105
813,Ana,Cisneros,4084899583,0,1,1893
814,Victoria,Santiago,4085477017,0,1,1894
815,Maria,Carrillo,4083731240,0,4,1902,1903,1904,2453
816,Joseph,Miramonte,4086134372,0,2,1909,2918
817,Alonso,Pleites,4087945217,0,1,1916
818,Andy,Salazar,4088244387,0,1,1918
819,Wenlong,Lu,6507047371,0,0
820,Miguel,Mazza,4083961814,0,1,1925
821,Miguel,Torres,4085560609,0,3,1930,2998,3510
822,Luis,Abellana,6693508836,0,2,1931,1941
823,Abel,Zepeda,6502961364,0,1,1932
824,Saul,Casillas,4083935026,0,1,1937
825,Yasmin,Torres,4085096250,0,1,1939
826,Hop,Vu,8327984789,0,2,1942,3143
827,Hector,Munoz,4084175429,0,2,1945,3158
828,Habran,Perez,4086427853,0,1,1949
829,Selso,Portillo,4083968181,0,1,1951
830,Jasmin,Villanueva,4083329494,0,1,1957
831,Jimmy,Cabuag,4086247872,0,1,1958
832,Thinh,Doan,6692986167,0,2,1964,3253
833,Jarred,Huff,4087915557,0,1,1974
834,Cesar,Ramires,4088340374,0,5,1975,2485,2710,3396,3826
835,Luis,Cabrera,4086499555,0,0
836,Jose,Leza,4086009788,0,2,1979,2509
837,Carlos,Guiyen,4086403062,0,1,1981
838,Alejandro,Perez,4084258392,0,2,1982,2051
839,Marcela,Stuart,4088210961,0,1,2002
840,Marisa,Balesteros,4088886968,0,3,2010,2077,2682
841,Alejandro,Vizcarra,4083003179,0,1,2011
842,Gabriel,Lugo,4086390908,0,3,2013,2308,2336
843,Murillo,Karina,6692606674,0,2,2017,3387
844,Jose,Herrera,4088294020,0,1,2023
845,Gratzer,Randy,9165092989,0,0
846,Manuel,Luciano,4085284402,0,1,2026
847,Phuong,Lam,4086234795,0,3,2028,2032,2355
848,Sandra,Nevares,4084723693,0,1,2029
849,Javier,Rocha,4084604568,0,1,2036
850,Adrian,Cuevas,4083734397,0,1,2046
851,Jessica,Hernandez,8152678664,0,4,2047,2382,2655,3190
852,Silvia,Avalos,4088549985,0,2,2048,2512
853,Richard,Stonebraker,8318846257,0,4,2065,2865,3173,3528
854,Norma,Tomista,2093512839,0,1,2067
855,Silvia,Suares,4087729204,0,4,2072,2542,2659,3194
856,Jose,Magana,4082304059,0,0
857,Michael,Seaphan,4087722275,0,0
858,Julieta,Mendoza,6693506838,0,1,2096
859,Quindell,Mcmullen,6505181243,0,1,2099
860,Francisco,Enriquez,2093955163,0,1,2109
861,Paloma,Medina,4084831524,0,8,2112,2391,2434,2835,3046,3184,3452,3505
862,Hazel,Aspiras,4085061695,0,1,2123
863,Quang,Do,4083167581,0,1,2128
864,Be,Pham,4088280362,0,1,2132
865,Guillermo,Siriaco,6692132035,0,1,2133
866,Adriana,Sillas,4085996367,0,2,2137,3063
867,Gene,Daniels,5598852487,0,5,2145,3013,3120,3495,3775
868,Bernie,Castillo,4087977676,0,1,2146
869,Tomasa,Salas,4089038195,0,1,2150
870,Quinn,Long,4088878495,0,1,2152
871,Eduardo,Arcenega,6693001893,0,1,2154
872,Autin,Dinh,4085806398,0,1,2156
873,Lucio,Cruz,4089109907,0,8,2158,2211,2311,2596,2890,3265,3543,3782
874,Javier,Pimentel,4086007051,0,3,2161,2546,2574
875,Marie,Cazaau,5615746764,0,1,2165
876,Ramiro,Nuno,4083969127,0,2,2173,3303
877,Jorge,Renteria,9512242934,0,3,2182,2708,2991
878,Juanita,Casas,4083415900,0,1,2195
879,Gagandeep,Kaur,4088265257,0,2,3041,3147
880,Santiago,Marquez,5105663580,0,2,2204,3358
881,Rosalba,Maciel,4085907176,0,1,2209
882,David,Robinson,4086744974,0,1,2213
883,Jesus,Aparicio,6693512907,0,1,2214
884,Ricardo,Fernandez,4084064471,0,1,2226
885,David,Infante,4085504393,0,2,2229,2624
886,Jason,Matao,4082293178,0,1,2237
887,Xochitl,Juares,4086615598,0,1,2242
888,Jordan,Endique,5624815484,0,1,2246
889,Pedro Luis,Valdez,4085912869,0,1,2249
890,Ana,Pulido,4087099304,0,1,2252
891,Claudia,Chavez,4085956177,0,3,2255,2934,3224
892,Jesus,Romero,4088321991,0,2,2258,2838
893,Rene,Chavez,6697863448,0,1,2263
894,Vincent,Palana,4082306882,0,3,2264,2893,3638
895,Araceli,Beltran,4088543331,0,1,2271
896,Claudia,Santos,4089853652,0,1,2275
897,Michael,Stuart,4084210796,0,1,2295
898,George,Verdugo,4084015636,0,1,2296
899,Alex,Garcia,4089148990,0,6,2301,2556,2817,3111,3397,3676
900,Rita,Godines,4088333493,0,2,2310,2489
901,Iverson,Jimenez,4087724455,0,4,2329,2463,2792,3077
902,Carlota,Rojas,4085189799,0,3,2330,2869,3223
903,Rafael,Rivera,4088490397,0,1,2353
904,Jose,Garcia,4084409399,0,1,2360
905,Anthony,Estrada,6692034459,0,2,2366,2388
906,Brain,Thai,4082102828,0,1,2369
907,Tony,Pham,4088286160,0,1,2373
908,Timmy,Do,4086037614,0,1,2376
909,Oscar,Maravilla,4083842212,0,2,2385,3582
910,Eitan,Peretz,7602706078,0,4,2387,2863,3016,3711
911,Beronica,Ruiz,4087752784,0,1,2394
912,Raymond,Orrtiz,4083071115,0,3,2408,3006,3350
913,Moises,Moreno,4085904949,0,1,2410
914,Moses,Martinez,8312101856,0,1,2415
915,Leonor,Ambrosio,4086915654,0,1,2424
916,Liliana,Ramires,4087712054,0,3,2426,3018,3209
917,Estefany,Cerna,6693509671,0,1,2430
918,Fernando,Rios,4085129594,0,0
919,Ana,Romero,4088497043,0,1,2435
920,Antonio,Trakas,4086610761,0,1,2439
921,Alicia,Adriano,4087914643,0,2,2457,3292
922,Claudia,Briones,4088136798,0,1,2469
923,Jose,Bracamonte,4087068586,0,1,2475
924,Cesar,Solla,4086610367,0,3,2477,2618,3718
925,Jonathan,Bravo,4087057307,0,3,2484,2844,3268
926,Jose Luis,Magana,4082304859,0,0
927,Stevens,Martinez,4084498080,0,1,2491
928,Hanson,Vath,4085996729,0,3,2492,2526,2583
929,Victoria,Herrera,6692870655,0,2,2501,3094
930,Adelaide,De Madeiros,4982745893,0,1,2513
931,Lidia,Martinez,4089912389,0,1,2517
932,Rosa,Camino,4084644560,0,1,2519
933,Maria,Meza,4084427247,0,5,2524,2584,2701,2898,3042
934,Mary Ann,Robledo,4082596495,0,1,2529
935,Cesar,Alfaro,4086030379,0,1,2535
936,Jean,Tran,4084062693,0,2,2540,3682
937,Marcos,Cotzojay,4084017584,0,1,2543
938,Cindy,Martinez,4084250721,0,3,2544,3109,3149
939,Rosie,Vilca,5109278421,0,1,2552
940,Guillermo,Arango,4088769359,0,1,2564
941,Juan,Iriarte,2815469163,0,1,2566
942,Claudia,Alderete,4085954151,0,4,2569,3020,3152,3453
943,Loi,Truong,4082421818,0,1,2571
944,Pablo,Perea,4088719288,0,1,2590
945,Evelyne,Quach,4086289211,0,3,2591,2592,2626
946,Guillermo,Rocha,8054191856,0,1,2598
947,Armando,Sandoval,5406094372,0,1,2600
948,Juan,Aldama,4087842862,0,2,2611,2927
949,Sonia,Marquez,4092187331,0,1,2616
950,Jaclyn,Sua,4088542950,0,4,2617,2718,2738,3188
951,Kievin,Paneda,6692928223,0,1,2621
952,Ana,Orellana,4087590138,0,5,2950,3095,3354,3598,3783
953,Ramiro,Lopes,6503092911,0,0
954,Manuel,Gonzalez,6503085993,0,3,2637,3186,3288
955,Ramiro,Diaz,4086932217,0,4,2642,2990,3056,3057
956,Phillip,Reyes,4086036246,0,1,2646
957,Lisa,Rodrigues,4086559186,0,5,2654,2761,3126,3168,3529
958,Denis,Farias,4083168106,0,1,2657
959,Rosalia,Ramos,6692418033,0,1,2660
960,George,Brinsmead,4087170680,0,1,2661
961,Minh,Do,4088387809,0,3,2663,2716,2932
962,Joel,Pacheco,6693310907,0,2,3054,3583
963,Yvette,Gurat,4084904229,0,1,2667
964,Lourdes,Chicas,4084608206,0,3,2671,2730,2764
965,Roberto,Moya,4085094946,0,1,2676
966,Jairo,Sanchez,4084220680,0,1,2694
967,Richard,Topete,4083079674,0,1,2704
968,Murali,Yerupula,5513583718,0,0
969,Claudia,De La Torre,4085615278,0,1,2714
970,Tony,Huynh,4082503561,0,1,2722
971,Manuel,Chaidez,4088919690,0,1,2726
972,Jose,Rubio,6503332260,0,1,2728
973,Peter,Nanopolulos,4086467308,0,7,2733,2970,3034,3203,3279,3594,3794
974,Genaro,Diaz,4082078377,0,1,2739
975,Benjamin,Gagante,4082182027,0,1,2744
976,Raquel,De La Rosa,4084207096,0,1,2747
977,Juana,Acevedo,4086306736,0,1,2758
978,Viviana,Venegas,4084208728,0,1,2762
979,Alberto,Ruiz,4086097146,0,1,2763
980,Martin ,Flores,4086231048,0,2,2767,3679
981,Juan ,Ramires,4086458508,0,1,2768
982,Efren,Cortez,4083077255,0,2,2772,2920
983,Ruben,Zuniga,4082544730,0,1,2773
984,Omar,Hernandez,4086779487,0,1,2777
985,Silvia,Vasquez,4082502963,0,3,2778,3232,3362
986,Andres,Montoya,4082173731,0,1,2784
987,Josefanie,Graciano,4084821967,0,5,2788,2789,2866,3402,3765
988,Digna,Caratine,4089141640,0,1,2814
989,Samanta,Johnson,4086796225,0,16,2820,2902,2923,2973,3027,3084,3144,3227,3271,3348,3406,3472,3606,3653,3701,3839
990,Marta,Adame,4082215996,0,1,2821
991,Ilya,Smolyanitaty,4083486918,0,2,2822,3281
992,Marcos,Perez,6692586458,0,1,2824
993,Lesley,Herrera,4083969995,0,1,2831
994,Diana,Washington,4082213905,0,0
995,Arturo,Dominguez,6694679949,0,1,2834
996,Karen,Brbery,8184723083,0,3,2836,2877,2905
997,Pancho,Garcia,6699464298,0,1,2841
998,Pedro,Aparicio,4087707800,0,1,2849
999,Ana,Perez,4083964783,0,1,2851
1000,Maria,Vega,4088492845,0,1,2852
1001,Ann,Do,4152358526,0,1,2853
1002,Lilibeth,Licona,4084638561,0,2,2858,2903
1003,Virginia,Lopes,6023679868,0,1,2859
1004,Deadrick,Noa,4087915554,0,0
1005,Fredy,Espino,6641924368,0,2,2870,3625
1006,Henrry,Thai,4088335546,0,1,2872
1007,Mario,Lopes,4085124919,0,1,2878
1008,Mary,Caledron,4086619067,0,1,2883
1009,Francisco,Soto,6693076774,0,1,2888
1010,Julio,Martinez,4086609560,0,1,2895
1011,Carlos,Alfaro,4084691480,0,1,2896
1012,Koushik,Bi,4087575529,0,1,2897
1013,Reyes,Leticia,4086568077,0,2,2900,3461
1014,Aguilar,Primitivo,4084603384,0,1,2914
1015,Ines,Dominguez,4084497035,0,1,2917
1016,Ramon,Rosas,4088412587,0,1,2931
1017,Victor,Cruz,4082042619,0,1,2936
1018,Jonny,Amaya,4087915920,0,1,2938
1019,Irma,Villa,4088358986,0,2,2964,2965
1020,Rogelio,Perez,4086444764,0,1,2967
1021,Jhunrey,Zambra,9255337207,0,1,2968
1022,Leticia,Sanchez,4085940677,0,2,2977,2978
1023,Victor Jr.,Cruz,4082101604,0,0
1024,Gudelia,Valentine,4082380673,0,2,2989,3563
1025,Hector,Contreras,6697865762,0,1,2993
1026,Rita,Lopes,4087222159,0,1,2997
1027,Noe,Mendoza,7756715587,0,1,3000
1028,Cyntia,Reyes,4085120688,0,1,3003
1029,Esteban,Lazo,4084392855,0,1,3005
1030,Henry,Mestas,4082724597,0,2,3007,3735
1031,Gracia,Ramos,4086242604,0,1,3012
1032,Elexa,Melendes,6699464200,0,1,3023
1033,Nelson,Anduray,4159374788,0,1,3030
1034,Tony,Okoro,4083986221,0,1,3031
1035,Erendira,Hernandez,4087242196,0,1,3033
1036,Ererl,Ponte,4085091511,0,1,3035
1037,Winbel,Fadrigon,7179825089,0,1,3043
1038,Jose,Carrillo,4083750281,0,2,3047,3349
1039,Fernando,Guadarrama,4085077662,0,1,3048
1040,Pile,Chang,4086674172,0,1,3052
1041,Tham,Nguyen,8312080453,0,3,3060,3164,3378
1042,Perla,Murrieta,4088541945,0,1,3066
1043,Jorge,Mendez,4084491726,0,1,3071
1044,Mario,Martinez,6693629709,0,1,3073
1045,Dulce,Vazquez,2092197188,0,1,3080
1046,Mercedes,Aguilar,4082048585,0,1,3081
1047,Tom,Mccarthy,4082396613,0,2,3083,3759
1048,Daniel,Gutierrez,4085333445,0,1,3086
1049,Victoria,Brian,4089033745,0,1,3088
1050,Kimberly,Trujillo,4083936419,0,1,3091
1051,Rich,Pham,9168956869,0,3,3114,3365,3554
1052,Victor,Palacios,6507769613,0,1,3118
1053,Juaquin,Torres,8312952463,0,1,3122
1054,Michael,Tran,4086743747,0,4,3171,3233,3483,3827
1055,Pancho,Lopez,6699424698,0,4,3124,3248,3516,3698
1056,Tony,Borquez,5598378515,0,1,3134
1057,Shiloh,Long,4083809851,0,1,3135
1058,Alexander,Hernandez,6692964934,0,1,3136
1059,Willie,Betancur,4089913877,0,1,3137
1060,Kai,Nguyen,402703333,0,1,3138
1061,Laarni,Co,8315211195,0,1,3142
1062,Marylu,De Pa Pena,9512588474,0,1,3146
1063,Dexride,Chavez,4083154275,0,3,3153,3335,3361
1064,Claudia,Alfaro,4086884171,0,3,3159,3276,3816
1065,Tony,Ahn,5107077000,0,1,3160
1066,Fera,Hashemi,6507014685,0,2,3169,3170
1067,Amy,Hoang,6693089491,0,2,3172,3604
1068,April,Cruda,4086008070,0,2,3176,3822
1069,Guadalupe,Padilla,4085519379,0,2,3177,3360
1070,Siprano,Valdez,0000000000000,0,1,3178
1071,Kavin,Tran,4088212897,0,1,3179
1072,Char,Tang,6508618028,0,1,3180
1073,Khanh,Dang,4089665121,0,3,3181,3208,3262
1074,Cesilia,Sipriano,4088328210,0,1,3183
1075,Josie,Ortega,4082106578,0,1,3189
1076,Alisa,Torres,4082345139,0,1,3191
1077,Myra,Flores,4087949482,0,1,3196
1078,Claudia,Padilla,4082301068,0,2,3197,3810
1079,Tony,Ramires,4087593657,0,1,3202
1080,Jeremey,Bland,6613300051,0,1,3204
1081,Cyle,Martin,8318019513,0,1,3205
1082,Omar,Jimenez,4084205226,0,1,3210
1083,Elvia,Aguilar,4084015065,0,1,3211
1084,Long,Hong,4088288820,0,1,3212
1085,Aliitasi,Maiava,6507848382,0,2,3214,3458
1086,Sofia,Perez,4082052792,0,1,3218
1087,Sasa,Li Sue,6696892253,0,1,3220
1088,Yolanda,Alvares,4088287369,0,2,3231,3392
1089,Leticia,Moreno,4089036023,0,2,3244,3769
1090,Juan,Salcedo,4086558697,0,2,3246,3531
1091,Xavi,Harris,4087149349,0,1,3247
1092,Eric,Peterson,4089603874,0,0
1093,Nima,F,4089669612,0,1,3258
1094,Cayetano,Allende,4086901570,0,1,3260
1095,Ramiro,Rodriguez,4046651207,0,1,3261
1096,Vicente,Picazo,4083076412,0,1,3267
1097,Maria,Contreras,4086242846,0,2,3272,3282
1098,Gang,Yuan,6692610650,0,1,3280
1099,Griselda,Nolasco,4088325122,0,1,3284
1100,Maria,Ramires,40860670306,0,1,3290
1101,Jose,Rocha,4087684526,0,2,3305,3377
1102,Michael,Nedd,4088406584,0,2,3307,3366
1103,Pedro,Carrillo,4088769676,0,1,3311
1104,Juan,Mercado,4083964861,0,1,3316
1105,Manuel,Sandoval,4085837501,0,1,3317
1106,Blanca,Diego,4082500373,0,1,3319
1107,Greg,Mitchel,4084610610,0,1,3326
1108,Cecilia,Apariccio,4084691541,0,1,3333
1109,Sharon,Longlre,4086433708,0,1,3336
1110,Mario,Suares,4086749660,0,1,3337
1111,Carmen,Alvares,4083984740,0,1,3345
1112,Kory,Le,4085008309,0,1,3346
1113,Kenneth,Mayo,4084202474,0,1,3351
1114,Leila,San Jose,6692459248,0,2,3355,3488
1115,Shannon,Nguyen,4082849796,0,1,3359
1116,Damian,Martinez,4084663797,0,1,3368
1117,Antony,Aywan,2295832566,0,1,3373
1118,Sonia,Cruz,4088369859,0,1,3374
1119,Saravjeet,Kang,4088075488,0,1,3379
1120,Ngahn,Nguyen,2816825270,0,1,3382
1121,Tran,Thao,6692267264,0,1,3383
1122,Rogelio,Torres,4089665094,0,1,3384
1123,Jonathan,Salamanca,7736684030,0,2,3385,3413
1124,Misael,Aguirre,4089914242,0,1,3386
1125,Pamela,Svrdlin,4088338983,0,1,3389
1126,Luis,Cabrera,4088433640,0,1,3390
1127,Eunise,Balbuena,6692613743,0,1,3391
1128,Tien,Le,6699778295,0,1,3393
1129,Sanny,Bimb,4087945101,0,1,3395
1130,Tam,Pham,4087968261,0,1,3403
1131,Alejandra,Ruano,4089106162,0,1,3407
1132,Sally,Carrillo,4087724522,0,1,3409
1133,Thi,Tran,6692967394,0,1,3414
1134,Isaiah,Martinez,4088497449,0,1,3416
1135,Elsa,Valle,4082305485,0,1,3417
1136,Vivian,Vo,7202107888,0,1,3418
1137,Jose,Cervantes,4085042472,0,1,3419
1138,Long,Tran,4083983862,0,1,3423
1139,Lacena,East,4086619259,0,3,3428,3490,3808
1140,Alan,Navelo,4089178495,0,0
1141,Jimmy,Do,4086461603,0,1,3457
1142,Loi,Tang,4146988864,0,2,3460,3518
1143,Marco,Ariola,4086030680,0,1,3463
1144,Juan,Gutierrez,4088932216,0,1,3466
1145,Rick,Vital,4088585047,0,1,3473
1146,Esmeralda,Ramires,4088267744,0,1,3474
1147,Jamar,Daniel,4086918255,0,1,3480
1148,Edward,Paguio,4084206048,0,1,3481
1149,Keith,Huynh,4083917720,0,1,3486
1150,Manoj,Sharma,7242633749,0,1,3494
1151,Jonathan,Huynh,40844900418,0,1,3497
1152,Guadalupe,Gutierrez,4082309719,0,1,3503
1153,Moemi,Martinez,4088864303,0,1,3504
1154,Vi,Dang,6692132195,0,1,3506
1155,Amy,Davila,4087618431,0,1,3508
1156,Christian,Medina,2095138642,0,1,3511
1157,Alex,Jimenez,6505213380,0,1,3513
1158,Angie,Gonzalez,4085937780,0,1,3514
1159,Michael,Strawn,4088243312,0,1,3525
1160,Jose ,Villalobos,6692451968,0,1,3530
1161,Marcelino,Benitez,4087819157,0,1,3541
1162,Sonia,Luna,4088345274,0,1,3542
1163,Lorem,Sterling,5102586636,0,1,3546
1164,Francisco,Hernandez,5105795184,0,1,3550
1165,Yescenia,Vasquez,6698373096,0,1,3551
1166,Nhan,Nguyen,4088899748,0,1,3555
1167,Gary,Atewart,4089811846,0,1,3557
1168,Andy,Garcia,4089415434,0,1,3560
1169,Rosana,Garcia,6692103435,0,1,3565
1170,Esperanza,Sanchez,4088492072,0,1,3572
1171,Grace,Bulosan,4088060029,0,2,3576,3651
1172,Kassidee,Johnson,6693010035,0,1,3578
1173,James,Sagabaen,4083293943,0,1,3579
1174,Eva,Coello,4083945616,0,1,3585
1175,Margarita,Juarez,4086052382,0,1,3586
1176,Maria,Albarran,4088498556,0,1,3589
1177,Eli,Manglicmot,4088342215,0,2,3593,3859
1178,Airale,Aguilar,6692163088,0,1,3595
1179,Kalliy,Wade,4083688194,0,1,3608
1180,Justin,Ha,4159631909,0,1,3610
1181,Oprea,Watter,4157162822,0,1,3618
1182,Nicole,Thomson,4088265572,0,1,3624
1183,Liz,Barajas,4082569724,0,1,3626
1184,Any,Barragan,4085128358,0,1,3628
1185,Caleb,Almaguer,6692167011,0,1,3629
1186,Ronald,Mendoza,6692724822,0,2,3631,3694
1187,Joseph,Mora,4084781038,0,1,3636
1188,Lorena,Rios,4086084875,0,1,3639
1189,Olga,Castaneda,4089148266,0,1,3643
1190,Raymond,Perez,4086873812,0,1,3645
1191,Marissa,Samaco,4089104886,0,1,3646
1192,Billy,Ron,4084554662,0,1,3649
1193,Cecilia,Villalobos,4085915951,0,1,3657
1194,Ramon,Caldera,4085837767,0,1,3666
1195,Anthony,Chavez,4086273890,0,1,3667
1196,Quinton,Pete,4088388303,0,1,3670
1197,Lelea,Orosco,4088405892,0,1,3675
1198,Magda,Montes,4089413218,0,0
1199,Sierra,Stormo,4086663831,0,1,3683
1200,Philips,Doan,6694556455,0,3,3684,3760,3862
1201,Juaquin ,Fernandez,4087711655,0,1,3686
1202,Juan ,Ortiz,4088410115,0,1,3695
1203,Gavino,Solorio,4087750539,0,2,3702,3703
1204,Kenneth, Svrdlin,4088338982,0,1,3705
1205,Samantha,Pereira,4082040182,0,1,3707
1206,Carlos,Centeno,4083358367,0,1,3713
1207,Ray,Perez,4086843812,0,1,3716
1208,Candy,Li,9253664455,0,1,3719
1209,Bobby,Salon,4082720503,0,1,3724
1210,Kathy,Romo,4083934050,0,1,3725
1211,Aina,Leulu,4083105104,0,1,3732
1212,Erirk,Napolitano,4088490265,0,1,3734
1213,Fernando,Santamaria,4086305862,0,1,3737
1214,Conchita,Ancaraz,4087845977,0,1,3738
1215,Lance,Bergonia,6698991899,0,1,3739
1216,Anthony,Hobbs,4086442178,0,1,3744
1217,Laura,Areachica,4088871319,0,1,3746
1218,Wendy,Acosta,4089637524,0,1,3758
1219,Jose ,Navarrete,4086136143,0,1,3761
1220,Ramiro,Madrigal,4087949806,0,1,3762
1221,Joselyn,Valencia,4087171475,0,1,3764
1222,Cristal,Cernardo,6692739659,0,1,3768
1223,Loan,Schaeffer,9253250310,0,1,3771
1224,Marco Antonio,Sanchez,4089213230,0,1,3773
1225,Sam,Olsen,4087099324,0,1,3777
1226,Antonio,Sales,9256398149,0,2,3778,3791
1227,Jojo,Mallare,5103202728,0,1,3779
1228,Roel,Vista,4088269725,0,1,3784
1229,Kevin,Larson,4082505242,0,0
1230,Richard,Garcia,6693311059,0,1,3786
1231,Erick,Mccoy,4087040388,0,1,3795
1232,Veronica,Panuco,4085097242,0,1,3807
1233,Efrain ,Barajas,4089211781,0,1,3811
1234,Merlin,Rivas,4089104913,0,1,3813
1235,Lopes,Selene,4083163045,0,1,3830
1236,Marc,Basilio,4085151062,0,1,3840
1237,Kim,Thomas,4083869023,0,1,3841
1238,Adrian,Duenas,4088870349,0,1,3848
1239,Araceli,Vazquez,4087750841,0,1,3852
1240,Mayra,Alderete,4088024050,0,1,3853
1241,Jeffrey,Lustina,4088980582,0,2,3855,3856
1242,Adrian,Espinoza,4084174242,0,1,3865
1243,Tk ,Noodles,4084829595,0,1,3868
